R=10;
c=0.00001;